{
 "cells": [
  {
   "cell_type": "code",
   "execution_count": 2,
   "metadata": {
    "collapsed": true
   },
   "outputs": [],
   "source": [
    "# Include so results on different machines are (should be) the same.\n",
    "from numpy.random import seed\n",
    "seed(1)\n",
    "\n",
    "from tensorflow import set_random_seed\n",
    "set_random_seed(2)"
   ]
  },
  {
   "cell_type": "code",
   "execution_count": 3,
   "metadata": {},
   "outputs": [
    {
     "name": "stdout",
     "output_type": "stream",
     "text": [
      "[NbConvertApp] Converting notebook Keras_Character_MultiHeadRNN.ipynb to script\n",
      "[NbConvertApp] Writing 15047 bytes to Keras_Character_MultiHeadRNN.py\n"
     ]
    }
   ],
   "source": [
    "!jupyter nbconvert --to script Keras_Character_MultiHeadRNN.ipynb"
   ]
  },
  {
   "cell_type": "code",
   "execution_count": 2,
   "metadata": {},
   "outputs": [
    {
     "name": "stdout",
     "output_type": "stream",
     "text": [
      "Loaded 47 speeches for 14 presidents.\n",
      "Loaded 1764 speeches for 15 presidents.\n"
     ]
    }
   ],
   "source": [
    "import glob, os, json, re, unicodedata\n",
    "from bs4 import BeautifulSoup\n",
    "\n",
    "load_verbose = 0\n",
    "loaded_labels = []\n",
    "loaded_text = []\n",
    "presidents = [\n",
    "    \"Barack Obama\",\n",
    "    \"Donald J. Trump\",\n",
    "    \"Dwight D. Eisenhower\",\n",
    "    \"Franklin D. Roosevelt\",\n",
    "    \"George Bush\",\n",
    "    \"George W. Bush\",\n",
    "    \"Gerald R. Ford\",\n",
    "    \"Harry S. Truman\",\n",
    "    \"Herbert Hoover\",\n",
    "    \"Jimmy Carter\",\n",
    "    \"John F. Kennedy\",\n",
    "    \"Lyndon B. Johnson\",\n",
    "    \"Richard Nixon\",\n",
    "    \"Ronald Reagan\",\n",
    "    \"William J. Clinton\"\n",
    "]\n",
    "\n",
    "labels = {}\n",
    "for idx, name in enumerate(presidents):\n",
    "    labels[name] = idx\n",
    "\n",
    "# load raw text files straight in, no parsing\n",
    "file_to_label = {\n",
    "    \"Obama\": \"Barack Obama\",\n",
    "    \"Trump\": \"Donald J. Trump\",\n",
    "    \"Eisenhower\": \"Dwight D. Eisenhower\",\n",
    "    \"Roosevelt\": \"Franklin D. Roosevelt\",\n",
    "    \"Bush\": \"George Bush\",\n",
    "    \"WBush\": \"George W. Bush\",\n",
    "    \"Ford\": \"Gerald R. Ford\",\n",
    "    \"Truman\": \"Harry S. Truman\",\n",
    "    \"Hoover\": \"Herbert Hoover\",\n",
    "    \"Carter\": \"Jimmy Carter\",\n",
    "    \"Kennedy\": \"John F. Kennedy\",\n",
    "    \"Johnson\": \"Lyndon B. Johnson\",\n",
    "    \"Nixon\": \"Richard Nixon\",\n",
    "    \"Reagan\": \"Ronald Reagan\",\n",
    "    \"Clinton\": \"William J. Clinton\"\n",
    "}\n",
    "\n",
    "directory = \"../data/processed/\"\n",
    "for filename in glob.glob(os.path.join(directory, '*.txt')):\n",
    "    arr = filename.replace(directory,'').split(\"_\")\n",
    "    if any(prefix in arr[0] for prefix in file_to_label.keys()):\n",
    "        loaded_labels = loaded_labels + [labels[file_to_label[arr[0]]]]\n",
    "        raw = open(filename).read().decode(\"UTF-8\").encode(\"ascii\",\"ignore\")\n",
    "        loaded_text = loaded_text + [raw] \n",
    "\n",
    "\n",
    "print \"Loaded\", len(loaded_text), \"speeches for\", len(set(loaded_labels)), \"presidents.\"\n",
    "# processed2 now contains files generated from unprocessed\n",
    "directory = \"../data/processed3/\"\n",
    "for filename in glob.glob(os.path.join(directory, '*.txt')):\n",
    "    arr = filename.replace(directory,'').split(\"_\")\n",
    "    if any(prefix in arr[0] for prefix in file_to_label.keys()):\n",
    "        loaded_labels = loaded_labels + [labels[file_to_label[arr[0]]]]\n",
    "        raw = open(filename).read().decode(\"UTF-8\").encode(\"ascii\",\"ignore\")\n",
    "        loaded_text = loaded_text + [raw] \n",
    "\n",
    "print \"Loaded\", len(loaded_text), \"speeches for\", len(set(loaded_labels)), \"presidents.\""
   ]
  },
  {
   "cell_type": "code",
   "execution_count": 3,
   "metadata": {},
   "outputs": [
    {
     "name": "stdout",
     "output_type": "stream",
     "text": [
      "Replacements complete.\n"
     ]
    }
   ],
   "source": [
    "#\n",
    "# Bagnall 2015 text pre-processing\n",
    "#\n",
    "from string import maketrans\n",
    "import re\n",
    "\n",
    "chars_to_replace = \"[]%!()>=*&_}+\"\n",
    "sub_chars = len(chars_to_replace) * \" \"\n",
    "trantab = maketrans(chars_to_replace, sub_chars)\n",
    "for x in range(0,len(loaded_text)):\n",
    "    # \"Various rare characters that seemed largely equivalent are mapped together...\"\n",
    "    loaded_text[x] = re.sub('`', '\\'', loaded_text[x])\n",
    "    loaded_text[x] = re.sub('--', '-', loaded_text[x])\n",
    "    loaded_text[x] = re.sub('\\n\\n', '\\n', loaded_text[x])\n",
    "    # \"...all digits in all languages are mapped to 7\"\n",
    "    loaded_text[x] = re.sub('[0-9]+', '7', loaded_text[x])\n",
    "    # \"...any character with a frequency lower than 1 in 10,000 is discarded.\"\n",
    "    loaded_text[x] = loaded_text[x].translate(trantab)\n",
    "    # \"Runs of whitespace are collapsed into a single space.\"\n",
    "    loaded_text[x] = re.sub(' +', ' ', loaded_text[x])\n",
    "     \n",
    "    # REPLACE WORD IN ALL CAPS with <space>; headers\n",
    "    loaded_text[x] = re.sub('[A-Z]{2,}','', loaded_text[x])\n",
    "\n",
    "print \"Character clean-up complete.\""
   ]
  },
  {
   "cell_type": "code",
   "execution_count": 4,
   "metadata": {},
   "outputs": [
    {
     "name": "stdout",
     "output_type": "stream",
     "text": [
      "How many characters of text per president?\n",
      "0  : Barack Obama         \t4862045\n",
      "1  : Donald J. Trump      \t554978\n",
      "2  : Dwight D. Eisenhower \t3084215\n",
      "3  : Franklin D. Roosevelt \t1743457\n",
      "4  : George Bush          \t1896536\n",
      "5  : George W. Bush       \t1791014\n",
      "6  : Gerald R. Ford       \t687272\n",
      "7  : Harry S. Truman      \t2001118\n",
      "8  : Herbert Hoover       \t786184\n",
      "9  : Jimmy Carter         \t1272152\n",
      "10 : John F. Kennedy      \t1344012\n",
      "11 : Lyndon B. Johnson    \t2288606\n",
      "12 : Richard Nixon        \t972275\n",
      "13 : Ronald Reagan        \t1010291\n",
      "14 : William J. Clinton   \t1784166\n",
      "\n",
      "Minimum number of characters per president?\n",
      "554978\n"
     ]
    }
   ],
   "source": [
    "#\n",
    "# Join all speeches into one massive per president\n",
    "#  for later processing\n",
    "#\n",
    "import numpy as np\n",
    "from scipy import stats\n",
    "from operator import itemgetter\n",
    "from collections import defaultdict\n",
    "\n",
    "compressed_text = [None]*(len(labels))\n",
    "for key, value in sorted(labels.iteritems()):\n",
    "    compressed_text[value] = \"\"\n",
    "    for idx in range(0,len(loaded_text)):\n",
    "        if (loaded_labels[idx] == value):\n",
    "            compressed_text[value] = compressed_text[value] + loaded_text[idx] + \" \"\n",
    "            \n",
    "print \"How many characters of text per president?\"\n",
    "for key, value in sorted(labels.iteritems()):\n",
    "    print str(value).ljust(2), \":\", key.ljust(20), \"\\t\", len(compressed_text[value])\n",
    "\n",
    "label_min_chars = len(min(compressed_text, key=len))\n",
    "print \"\\nMinimum number of characters per president?\"\n",
    "print label_min_chars"
   ]
  },
  {
   "cell_type": "code",
   "execution_count": 5,
   "metadata": {
    "scrolled": true
   },
   "outputs": [
    {
     "name": "stdout",
     "output_type": "stream",
     "text": [
      "Couldn't import dot_parser, loading of dot files will not be possible.\n"
     ]
    },
    {
     "name": "stderr",
     "output_type": "stream",
     "text": [
      "Using TensorFlow backend.\n"
     ]
    },
    {
     "name": "stdout",
     "output_type": "stream",
     "text": [
      "Unique char count: 68\n",
      "\n",
      "Chars w/ counts:\n",
      "[(4725447, ' '), (2569974, 'e'), (2131220, 't'), (1627649, 'o'), (1609954, 'a'), (1476541, 'n'), (1405067, 'i'), (1193120, 's'), (1157275, 'r'), (1066798, 'h'), (755187, 'l'), (705084, 'd'), (548669, 'u'), (534278, 'c'), (478832, 'm'), (418343, 'w'), (393337, 'g'), (389784, 'f'), (382020, 'p'), (374441, 'y'), (281512, 'b'), (264600, ','), (263713, '.'), (240856, 'v'), (162701, 'I'), (151063, 'k'), (95930, \"'\"), (62618, 'A'), (49111, 'S'), (47587, 'T'), (44390, '-'), (40548, '7'), (39451, 'W'), (32811, 'x'), (29785, 'C'), (25503, 'j'), (23659, 'B'), (23374, 'M'), (22167, 'N'), (21726, 'q'), (21723, 'P'), (16943, 'G'), (14374, 'H'), (13620, 'U'), (12142, 'D'), (11930, 'z'), (11837, 'R'), (10677, 'F'), (10672, '\"'), (10127, 'E'), (9435, 'O'), (9370, 'Y'), (9360, ';'), (8141, '?'), (7920, 'J'), (7822, 'L'), (6390, ':'), (4737, '\\n'), (3981, '$'), (3943, 'K'), (3705, 'V'), (1853, '/'), (1066, 'Q'), (338, 'Z'), (80, 'X'), (6, '#'), (4, '\\\\')]\n"
     ]
    }
   ],
   "source": [
    "#\n",
    "# Tokenize words into chars\n",
    "#\n",
    "from keras.preprocessing.text import Tokenizer\n",
    "from keras.preprocessing import sequence\n",
    "\n",
    "# Tokenize into characters\n",
    "tokenizer = Tokenizer(char_level=True)\n",
    "tokenizer.fit_on_texts(compressed_text)\n",
    "tokenized_text = tokenizer.texts_to_sequences(compressed_text)\n",
    "\n",
    "# there's an oddity in the encoding for some reason where a len+1 character occurs\n",
    "unique_chars = len(tokenizer.word_counts)+1\n",
    "\n",
    "print \"Unique char count:\", unique_chars\n",
    "print \"\\nChars w/ counts:\"\n",
    "print sorted(((v,k) for k,v in tokenizer.word_counts.iteritems()), reverse=True)"
   ]
  },
  {
   "cell_type": "code",
   "execution_count": 6,
   "metadata": {},
   "outputs": [
    {
     "name": "stdout",
     "output_type": "stream",
     "text": [
      "Subsequence total count; subsequence label total count: 1043126 1043126\n",
      "\n",
      "Total characters: 26078150\n"
     ]
    }
   ],
   "source": [
    "#\n",
    "# Split speeches into subsequences \n",
    "#\n",
    "from collections import Counter\n",
    "\n",
    "def splits(_list, _split_size, window=False):\n",
    "    output_list = []\n",
    "    if (window):\n",
    "        for idx in range(0, len(_list)-_split_size):\n",
    "            output_list.append(_list[idx:idx + _split_size])\n",
    "    else:\n",
    "        for idx in range(0, len(_list), _split_size):\n",
    "            if (idx + _split_size) <= len(_list):\n",
    "                output_list.append(_list[idx:idx + _split_size])\n",
    "    return output_list\n",
    "\n",
    "max_seq_len = 25\n",
    "\n",
    "# create new speech/label holders\n",
    "split_text = []\n",
    "split_labels = []\n",
    "\n",
    "for idx in range(0, len(tokenized_text)):\n",
    "    current_label = idx\n",
    "    current_speech = tokenized_text[idx]#[:label_min_chars]\n",
    "    current_splits = splits(current_speech, max_seq_len)\n",
    "    split_text.extend(current_splits)\n",
    "    split_labels.extend([current_label] * len(current_splits))\n",
    "\n",
    "print \"Subsequence total count; subsequence label total count:\", len( split_text ), len( split_labels )\n",
    "print \"\\nTotal characters:\", len( split_text ) * max_seq_len"
   ]
  },
  {
   "cell_type": "code",
   "execution_count": 7,
   "metadata": {
    "collapsed": true
   },
   "outputs": [],
   "source": [
    "#\n",
    "# split amongst speaker samples, not the whole population of samples\n",
    "#\n",
    "def split_test_train(input_text, input_labels, labels, train_pct=0.8):\n",
    "    train_text = []\n",
    "    train_labels = []\n",
    "    test_text = []\n",
    "    test_labels = []\n",
    "\n",
    "    for key, value in sorted(labels.iteritems()):\n",
    "        # grab all values of a specific label\n",
    "        subset_text = list(itemgetter(*[idx for idx, label in enumerate(input_labels) if label == value ])(input_text))\n",
    "        subset_labels = list(itemgetter(*[idx for idx, label in enumerate(input_labels) if label == value ])(input_labels))\n",
    "        \n",
    "        cut_pos = int(train_pct * len(subset_text))\n",
    "        train_text = train_text + subset_text[:cut_pos]\n",
    "        train_labels = train_labels + subset_labels[:cut_pos]\n",
    "        test_text = test_text + subset_text[cut_pos:]\n",
    "        test_labels = test_labels + subset_labels[cut_pos:]\n",
    "        \n",
    "    return train_text,train_labels,test_text,test_labels"
   ]
  },
  {
   "cell_type": "code",
   "execution_count": 8,
   "metadata": {
    "scrolled": true
   },
   "outputs": [
    {
     "name": "stdout",
     "output_type": "stream",
     "text": [
      "Splits:\n",
      " Test =  834494 \n",
      " Train =  208632\n",
      "Class weights:\n",
      "{0: 0.35757490058960645, 1: 3.1326613735758393, 2: 0.5636911396167278, 3: 0.9971846806476669, 4: 0.916704016170138, 5: 0.9707030522985297, 6: 2.5296895840911846, 7: 0.8687894640951563, 8: 2.2114295557233903, 9: 1.3666339130719596, 10: 1.2935484871031746, 11: 0.7596495300516601, 12: 1.7881503385617554, 13: 1.7208900437185515, 14: 0.9744435881267661}\n"
     ]
    }
   ],
   "source": [
    "#\n",
    "# Prep test/train\n",
    "#\n",
    "from sklearn.preprocessing import OneHotEncoder\n",
    "from sklearn.utils import class_weight\n",
    "\n",
    "# split data smartly\n",
    "train_X, train_y, test_X, test_y = split_test_train(split_text, split_labels, \n",
    "                                                    labels, train_pct=0.8)\n",
    "print \"Splits:\\n Test = \", len(train_X), \"\\n Train = \", len(test_X)##\n",
    "\n",
    "# compute class weights to account for imbalanced classes\n",
    "y_weights = (class_weight.compute_class_weight('balanced', np.unique(train_y), train_y)).tolist()\n",
    "y_weights = dict(zip(sorted(labels.values()), y_weights))\n",
    "print \"Class weights:\\n\", y_weights"
   ]
  },
  {
   "cell_type": "code",
   "execution_count": 9,
   "metadata": {
    "scrolled": true
   },
   "outputs": [
    {
     "name": "stdout",
     "output_type": "stream",
     "text": [
      "Encoding train_X with dimensions  (834494, 25)\n",
      "...to  (20862350, 68)\n",
      "...and reshaping to  (834494, 25, 68)\n",
      "\n",
      "Encoding test_X with dimensions  (208632, 25)\n",
      "...to  (5215800, 68)\n",
      "...and reshaping to  (208632, 25, 68)\n"
     ]
    }
   ],
   "source": [
    "#\n",
    "# One-hot encoding classes & samples\n",
    "#\n",
    "from keras.utils import to_categorical\n",
    "\n",
    "# one-hot encode classes\n",
    "train_y = np.array(to_categorical(train_y))\n",
    "test_y = np.array(to_categorical(test_y))\n",
    "\n",
    "# one-hot encode samples\n",
    "train_X = np.array(train_X)\n",
    "orig_train_X_size=train_X.shape[0]\n",
    "print \"Encoding train_X with dimensions \", train_X.shape\n",
    "train_X = to_categorical(train_X, num_classes=unique_chars)\n",
    "print \"...to \", train_X.shape\n",
    "train_X = np.reshape(train_X,(orig_train_X_size,max_seq_len,unique_chars))\n",
    "print \"...and reshaping to \", train_X.shape\n",
    "\n",
    "test_X = np.array(test_X)\n",
    "orig_test_X_size=test_X.shape[0]\n",
    "print \"\\nEncoding test_X with dimensions \", test_X.shape\n",
    "test_X = to_categorical(test_X, num_classes=unique_chars)\n",
    "print \"...to \", test_X.shape\n",
    "test_X = np.reshape(test_X,(orig_test_X_size,max_seq_len,unique_chars))\n",
    "print \"...and reshaping to \", test_X.shape"
   ]
  },
  {
   "cell_type": "code",
   "execution_count": 10,
   "metadata": {
    "collapsed": true
   },
   "outputs": [],
   "source": [
    "# custom activation from Bagnall 2015\n",
    "#  does not appear to perform as well as a ReLU\n",
    "import tensorflow as tf\n",
    "from keras.utils.generic_utils import get_custom_objects\n",
    "\n",
    "def ReSQRT(x):\n",
    "    cond = tf.less_equal(x, 0.0)\n",
    "    result = tf.where(cond, x * 0.0, tf.sqrt(x+1)-1)\n",
    "    return result\n",
    "\n",
    "get_custom_objects().update({'ReSQRT': ReSQRT})"
   ]
  },
  {
   "cell_type": "markdown",
   "metadata": {
    "collapsed": true
   },
   "source": [
    "Bagnall proposes that the following possible values contribute to the success of the model:\n",
    "\n",
    "| meta-parameter                  \t| typical value                      \t|\n",
    "|---------------------------------\t|------------------------------------\t|\n",
    "| initial adagrad learning scale  \t| 0.1, 0.14, 0.2, 0.3                \t|\n",
    "| initial leakage between classes \t| 1/4N to 5/N                        \t|\n",
    "| leakage decay (per sub-epoch)   \t| 0.67 to 0.9                        \t|\n",
    "| hidden neurons                  \t| 79, 99, 119, 139                   \t|\n",
    "| presynaptic noise σ             \t| 0, 0.1, 0.2, 0.3, 0.5              \t|\n",
    "| sub-epochs                      \t| 6 to 36                            \t|\n",
    "| text direction                  \t| forward or backward                \t|\n",
    "| text handling                   \t| sequential, concatenated, balanced \t|\n",
    "| initialisation                  \t| gaussian, zero                     \t|"
   ]
  },
  {
   "cell_type": "code",
   "execution_count": null,
   "metadata": {
    "collapsed": true,
    "scrolled": true
   },
   "outputs": [],
   "source": [
    "##\n",
    "## BASELINE\n",
    "##\n",
    "from keras.layers import Input, Dense, SimpleRNN, Bidirectional, Dropout, TimeDistributed\n",
    "from keras.layers.merge import Maximum, Add, Concatenate\n",
    "from keras.callbacks import ReduceLROnPlateau, CSVLogger\n",
    "from keras.layers.merge import Average, Maximum\n",
    "from keras.optimizers import Adagrad, adam\n",
    "from keras.models import Model\n",
    "from keras.utils import plot_model\n",
    "\n",
    "# define operating vars\n",
    "activation = \"relu\" #\"ReSQRT\" \n",
    "units = 150# 50\n",
    "dropout = 0.7646166765488501\n",
    "batch_size = 50# 100\n",
    "epochs = 100\n",
    "optimizer='adamax'#'rmsprop'\n",
    "shuffle=True #False\n",
    "\n",
    "# define any callbacks\n",
    "reduce_lr = ReduceLROnPlateau(monitor='loss', factor=0.1,\n",
    "              patience=2, verbose=1)\n",
    "csv_logger = CSVLogger('Keras_Character_MultiHeadRNN.log')\n",
    "\n",
    "# assemble & compile model\n",
    "input = Input(shape=(max_seq_len,unique_chars,))\n",
    "rnn = Bidirectional(SimpleRNN(units=units,activation=activation))(input)\n",
    "\n",
    "## not entirely sure this makes sense, but it does seem to work...\n",
    "soft_out = []\n",
    "for idx in range(0,len(labels)):\n",
    "    soft_out.append(Dense(len(labels),activation='softmax', kernel_initializer='random_normal')(rnn))\n",
    "final_out = Add()(soft_out)\n",
    "\n",
    "model = Model(inputs=[input], outputs = final_out) \n",
    "\n",
    "model.compile(loss='categorical_crossentropy', \n",
    "              optimizer=optimizer, \n",
    "              metrics=['categorical_accuracy'])\n",
    "plot_model(model, to_file='Keras_Character_MultiHeadRNN.png', show_shapes=True, show_layer_names=True)\n",
    "print(model.summary())"
   ]
  },
  {
   "cell_type": "code",
   "execution_count": null,
   "metadata": {
    "collapsed": true
   },
   "outputs": [],
   "source": [
    "# train the model\n",
    "model.fit([np.array(train_X)],\n",
    "          [np.array(train_y)],\n",
    "          batch_size=batch_size,\n",
    "          epochs=epochs,\n",
    "          shuffle=shuffle,\n",
    "          class_weight = y_weights,\n",
    "          callbacks=[reduce_lr, csv_logger],\n",
    "          verbose=1)\n",
    "\n",
    "model.save('Keras_Character_MultiHeadRNN.h5')\n",
    "print (\"Model saved.\")\n",
    "del model"
   ]
  },
  {
   "cell_type": "code",
   "execution_count": 11,
   "metadata": {},
   "outputs": [
    {
     "name": "stdout",
     "output_type": "stream",
     "text": [
      "Model loaded.\n"
     ]
    }
   ],
   "source": [
    "### Load computed model\n",
    "from keras.models import load_model\n",
    "# returns a compiled model identical to the one trained\n",
    "model = load_model('Keras_Character_MultiHeadRNN.h5')\n",
    "print \"Model loaded.\" "
   ]
  },
  {
   "cell_type": "code",
   "execution_count": 12,
   "metadata": {},
   "outputs": [
    {
     "name": "stdout",
     "output_type": "stream",
     "text": [
      "Evaluating test data...\n",
      "208416/208632 [============================>.] - ETA: 0s['loss', 'categorical_accuracy']\n",
      "[2.4360797346458787, 0.18888281759298481]\n",
      "\n",
      "Predicting using test data...\n",
      "208350/208632 [============================>.] - ETA: 0s\n",
      "\n",
      "Done prediction.\n",
      "\n",
      "AUC =  0.709903758046\n"
     ]
    }
   ],
   "source": [
    "from sklearn import metrics\n",
    "\n",
    "batch_size = 50# 100\n",
    "\n",
    "# Evaluate performance\n",
    "print \"Evaluating test data...\"\n",
    "loss_and_metrics = model.evaluate(test_X, test_y)\n",
    "print model.metrics_names\n",
    "print loss_and_metrics\n",
    "\n",
    "# Make some predictions\n",
    "print \"\\nPredicting using test data...\"\n",
    "pred_y = model.predict(test_X, batch_size=batch_size, verbose=1)\n",
    "pred_y_collapsed = np.argmax(pred_y, axis=1)\n",
    "test_y_collapsed = np.argmax(test_y, axis=1)\n",
    "print \"\\n\\nDone prediction.\"\n",
    "\n",
    "print \"\\nAUC = \", metrics.roc_auc_score(test_y, pred_y)"
   ]
  },
  {
   "cell_type": "code",
   "execution_count": 13,
   "metadata": {},
   "outputs": [
    {
     "name": "stdout",
     "output_type": "stream",
     "text": [
      "Confusion matrix, without normalization\n",
      "[[7363 4844 1443 1893 2475 5077 1620  989 2063 2812 1204  866 1432 2671\n",
      "  2145]\n",
      " [ 398 1062  212  466  373  624   89  307  159  105   54   91  100  243\n",
      "   157]\n",
      " [ 812 1240 3832 2740  920  476 1491 2055 2706 1180 2097  966 1975 1366\n",
      "   818]\n",
      " [ 373 1224 1114 3436  432  460  495 1289 1850  470  726  424  606  686\n",
      "   363]\n",
      " [1406 1298  801  873 1943 1578  920  937  790 1063  556  443  691 1016\n",
      "   858]\n",
      " [2064 1599  540  773 1089 2885  555  495  693  965  378  302  401  822\n",
      "   767]\n",
      " [ 200  201  263  243  192  135 1032  386  592  591  313  422  531  213\n",
      "   184]\n",
      " [ 258  781  998 1568  421  282  816 5573 1728  369  649 1187  697  368\n",
      "   314]\n",
      " [ 101  208  219  533   38   33  342  487 2840  321  383  323  264  124\n",
      "    74]\n",
      " [ 705  504  380  419  451  472 1210  376 1172 2004  650  398  621  455\n",
      "   361]\n",
      " [ 392  330  535  582  265  207  974  678 1547  888 1967  610 1021  446\n",
      "   310]\n",
      " [ 533  889 1010 1340  380  317 1979 2480 2503  935 1100 2161 1461  687\n",
      "   534]\n",
      " [ 212  241  577  468  166  103  847  592  772  529  670  543 1468  367\n",
      "   224]\n",
      " [ 569  586  674  635  778  572  419  346  543  528  365  247  545  897\n",
      "   379]\n",
      " [1592 1466  832  921 1243 1513  773  594  834  950  524  380  633 1075\n",
      "   944]]\n",
      "Confusion matrix, without normalization\n",
      "[[ 18.93  12.45   3.71   4.87   6.36  13.05   4.16   2.54   5.3    7.23\n",
      "    3.1    2.23   3.68   6.87   5.51]\n",
      " [  8.96  23.92   4.77  10.5    8.4   14.05   2.     6.91   3.58   2.36\n",
      "    1.22   2.05   2.25   5.47   3.54]\n",
      " [  3.29   5.03  15.53  11.1    3.73   1.93   6.04   8.33  10.97   4.78\n",
      "    8.5    3.92   8.     5.54   3.32]\n",
      " [  2.67   8.78   7.99  24.63   3.1    3.3    3.55   9.24  13.26   3.37\n",
      "    5.21   3.04   4.34   4.92   2.6 ]\n",
      " [  9.27   8.55   5.28   5.75  12.81  10.4    6.06   6.18   5.21   7.01\n",
      "    3.66   2.92   4.55   6.7    5.65]\n",
      " [ 14.41  11.16   3.77   5.4    7.6   20.14   3.87   3.45   4.84   6.74\n",
      "    2.64   2.11   2.8    5.74   5.35]\n",
      " [  3.64   3.66   4.78   4.42   3.49   2.46  18.77   7.02  10.77  10.75\n",
      "    5.69   7.68   9.66   3.87   3.35]\n",
      " [  1.61   4.88   6.23   9.79   2.63   1.76   5.1   34.81  10.79   2.3\n",
      "    4.05   7.41   4.35   2.3    1.96]\n",
      " [  1.61   3.31   3.48   8.47   0.6    0.52   5.44   7.74  45.15   5.1\n",
      "    6.09   5.14   4.2    1.97   1.18]\n",
      " [  6.93   4.95   3.73   4.12   4.43   4.64  11.89   3.69  11.52  19.69\n",
      "    6.39   3.91   6.1    4.47   3.55]\n",
      " [  3.65   3.07   4.98   5.41   2.46   1.93   9.06   6.31  14.39   8.26\n",
      "   18.29   5.67   9.5    4.15   2.88]\n",
      " [  2.91   4.86   5.52   7.32   2.08   1.73  10.81  13.55  13.67   5.11\n",
      "    6.01  11.8    7.98   3.75   2.92]\n",
      " [  2.73   3.1    7.42   6.02   2.13   1.32  10.89   7.61   9.92   6.8\n",
      "    8.61   6.98  18.87   4.72   2.88]\n",
      " [  7.04   7.25   8.34   7.86   9.63   7.08   5.18   4.28   6.72   6.53\n",
      "    4.52   3.06   6.74  11.1    4.69]\n",
      " [ 11.15  10.27   5.83   6.45   8.71  10.6    5.42   4.16   5.84   6.66\n",
      "    3.67   2.66   4.43   7.53   6.61]]\n"
     ]
    },
    {
     "data": {
